0 0.8167276794271873 0.3122408341901529 0.17184255167111145 0.20486465940862697
0 0.6989596043890624 0.26659806208682924 0.18121755167111128 0.20513744404836293
0 0.5447240864372913 0.3770317937444291 0.1616310970739585 0.16865437476889075
0 0.44287064570784695 0.3865766268139549 0.14564242116215292 0.15257473370266403
0 0.7442675319163884 0.5032318955520664 0.19030161094166687 0.19291022868809904
0 0.7365050108304855 0.7359761993921323 0.14564242116215312 0.15257473370266403
0 0.6588144622935064 0.8158024402209323 0.1744584053945836 0.18308058762187224
0 0.5404463220009021 0.7959409181176085 0.16330269984750015 0.17338733887551355
0 0.3783691217721524 0.5379285266556704 0.157634581306389 0.1982054824490227
0 0.11067116907486059 0.6192621285298145 0.16511977298576402 0.1843703029821361
0 0.2580014171749995 0.5703880224990352 0.151637848023889 0.14181909012915472
0 0.2589846485576385 0.46096755839241244 0.17874586189159736 0.16602947994174033