0 0.242328125 0.21160937500000002 0.12595312500000003 0.173609375
0 0.368203125 0.20214062500000002 0.13656250000000006 0.17090624999999998
0 0.48457812499999997 0.35223437499999993 0.12653125000000004 0.13581250000000006
0 0.579578125 0.39003125 0.11495312500000007 0.1225468750000001
0 0.257765625 0.415609375 0.15142187500000004 0.15350000000000003
0 0.20018750000000002 0.6412812499999999 0.11482812500000002 0.1225468750000001
0 0.25206249999999997 0.740046875 0.13637499999999997 0.14867187500000015
0 0.37075 0.754671875 0.12657812499999999 0.14107812499999994
0 0.598953125 0.5543125 0.11306250000000002 0.1707968749999999
0 0.8318749999999999 0.7088749999999999 0.12642187500000013 0.15204687499999991
0 0.70490625 0.6192187499999999 0.12448437499999994 0.10853125000000005
0 0.735 0.514625 0.14670312500000007 0.12664062499999992