0 0.7700570727728235 0.18977916326254235 0.13579863466105593 0.17952878729346106
0 0.6438665950053422 0.18245279130017628 0.14511907095872498 0.17829366950744618
0 0.530272864875608 0.3342558826773213 0.13292660580511537 0.14197422359113024
0 0.43621533002921764 0.3735217685195035 0.12155259618646848 0.12909227767481415
0 0.7584003540758347 0.39355892769051265 0.16014387023308566 0.1616518065307547
0 0.8202456227649743 0.6190202299600982 0.12155259618646852 0.12909227767481432
0 0.7697496041606529 0.7185589276905127 0.144355179126093 0.15641866950744615
0 0.6514361137792996 0.7352057690676577 0.1347073606144388 0.148278787293461
0 0.41928826877395753 0.5383754422033009 0.12168157095872498 0.1774752139724834
0 0.1893974160488851 0.6973685294040947 0.1350893065307547 0.159216287293461
0 0.3144668487183572 0.6053943058129645 0.13043652286549073 0.11535715988879928
0 0.2826587988110244 0.50090770245492 0.152966287293461 0.13487105172143127