0 0.2528992775899962 0.2153822737526764 0.11617561542376213 0.1532279515702104
0 0.3700594957388308 0.2195733317493775 0.14101192431676957 0.14926787727617324
0 0.24268099628698492 0.4184163455394311 0.1391766058051153 0.14140991316955062
0 0.4793476717848808 0.35961096153283323 0.1286756154237622 0.15359166442319178
0 0.5667186970126243 0.4106399156103261 0.10576390507947586 0.12326766693047428
0 0.1771204505560034 0.6386091735943918 0.12881945916315996 0.1130121285298145
0 0.2178421650766409 0.726600918579827 0.14219247840045357 0.13837584138279588
0 0.32731636879750525 0.7493373880967259 0.11837303248413758 0.12675637978345566
0 0.5838640130772079 0.5691116451563549 0.11315974282842375 0.15626202335696499
0 0.7067211597191634 0.5445328454729241 0.12004465988879928 0.12992684389007855
0 0.6726239235141614 0.6475525453937818 0.12295140507947586 0.12376777210332364
0 0.7926239102673174 0.7495817098169735 0.11820934137714509 0.12206887978345567