0 0.590625 0.06796875 0.16875 0.1359375
0 0.5270625 0.17593750000000002 0.12160937500000006 0.11393749999999994
0 0.46715625000000005 0.257046875 0.1729531250000001 0.10856250000000003
0 0.287609375 0.14029687500000004 0.13829687499999999 0.14246874999999992
0 0.16118749999999998 0.13904687500000001 0.11721874999999997 0.16492187499999994
0 0.1273125 0.46612500000000007 0.12790625000000003 0.123828125
0 0.52778125 0.37129687499999997 0.1373125 0.14809374999999997
0 0.662578125 0.3313750000000001 0.12165625000000002 0.12529687500000009
0 0.641 0.43315625 0.11059374999999996 0.11848437499999989
0 0.796671875 0.49749999999999994 0.13310937500000009 0.14378124999999997
0 0.31578125 0.60125 0.14471875 0.11593750000000007
0 0.204875 0.6436718750000001 0.15823437499999998 0.1080937500000001
0 0.295453125 0.7154999999999999 0.11120312500000003 0.11270312499999982
0 0.5550625 0.729578125 0.08845312500000002 0.1444218750000001
0 0.7770468750000001 0.6810937499999999 0.11528124999999996 0.11876562499999999